50 3.435301
0.1509078628040285 0.45959912280567616 0.15079035631146645 0.5095989847277276 0.20078982803175233 0.5093691419720557
0.1530246819470275 0.45916569226467596 0.1533900287931343 0.5091643574636794 0.203382365792133 0.5082890053182292
0.31230170493462495 0.47168085627669587 0.3242075307880382 0.5202426860481141 0.3688896448932973 0.5426816851141287
0.3129941501762944 0.4711037711363372 0.325353917567413 0.5195520543880423 0.3703174816084481 0.5414216201982668
0.312490098502962 0.4700571403559915 0.32487323567578286 0.5184994556780227 0.369760462598277 0.5405252782326634
0.3130105671134959 0.46973881957184505 0.32488456945502864 0.5183084404103205 0.36964605846241927 0.5405886805760199
0.31328171141403066 0.4695018223188479 0.3253172559602424 0.5180316653793416 0.37013026911822344 0.5402080909637911
0.31299941078919397 0.4690500114299975 0.32542581909818974 0.5174812449114826 0.3703412549749918 0.5394494860790608
0.38910865832120645 0.4751884583302015 0.43097922598432736 0.5025171166135496 0.47861016500755327 0.4873087752258197
0.3910955496664728 0.4748487385684588 0.4329404010256084 0.5022167566686401 0.4806215816850705 0.4871666732496111
0.40979080529762557 0.4530723331166775 0.4533646315168295 0.4775941941516524 0.49980957159343664 0.45907751136881103
0.41136422071017753 0.4521651047328683 0.454633850840433 0.47721982701013343 0.5013620913463741 0.4594301800428964
0.4131615025278428 0.45071403073739164 0.4563633311250341 0.47588548293743177 0.5030982772357964 0.4581134596416969
0.4142907990535639 0.45005544049255763 0.4575622435136345 0.47510702915154346 0.5042617943187929 0.457242204646488
0.4142304897731581 0.449991826627876 0.45750421096729976 0.4750394822868732 0.504203747695322 0.4571746209835184
0.4154466104931389 0.4502811163561867 0.4588528698790325 0.4750983814376683 0.5055137762198194 0.4571328639261598
0.41560327302872685 0.45010607788504425 0.4590267350037204 0.47489323080961976 0.5056785690604406 0.45690416804514417
0.4161445816213211 0.4504453084034931 0.45956168460804414 0.4752435980267774 0.5061509049525617 0.45709299066255954
0.41638830895508805 0.45006450081732163 0.4604285379781224 0.4737384997950753 0.5064458703881777 0.4541833184391668
0.41658095335697487 0.4499915954685062 0.4606388733072976 0.47363265487054984 0.5066375884826001 0.45403372116941726
0.4168703597452249 0.4501088394786627 0.46090639107063014 0.4737906456831719 0.5068464694648754 0.4540546583217401
0.41723402726028974 0.4502746074110159 0.46153601265278693 0.47345507527262226 0.5072029409348094 0.45309502465174684
0.41726415197511413 0.450130065856765 0.4615547565074969 0.473332271574241 0.5072294969875046 0.45298975250496304
0.4190115096681516 0.45103436461217294 0.46349609733883385 0.47386244950270606 0.5089386506493924 0.45300641084199567
0.4202113372026795 0.4503690285699661 0.46444686618928277 0.4736760656033468 0.5100411254299138 0.4531537966182141
0.4193944083497973 0.450365557710492 0.4637791319799224 0.47338720639770415 0.5092728004416908 0.45264290284490444
0.4199347689609353 0.45013415360545017 0.46438081274356746 0.47303719253202814 0.5097498537390198 0.4520217192051444
0.42049876634633226 0.4502145680244674 0.4648595767381306 0.4732822619140377 0.5102593230240229 0.4523332037687031
0.42061152655855294 0.45000967577052253 0.4650058885331577 0.4730127326297263 0.5103782146905619 0.45200435289529317
0.4207186328003647 0.44999835592384174 0.46511459745418404 0.47299831945548293 0.5104831910861454 0.4519818803694256
0.42071706732197545 0.44999216204876463 0.46511316620027776 0.47299186649008307 0.5104807285739228 0.4519732013499409
0.420718957429032 0.4499904598419546 0.46511509754597063 0.47299008468057213 0.5104823588275054 0.4519707696628803
0.4230803907615498 0.45053555299551423 0.46742136071054013 0.47364136144236885 0.512896544279133 0.45285656701464405
0.42437271075409094 0.4511773015781674 0.46850517062866814 0.4746789182335984 0.5141028286804155 0.45416420204750596
0.42428635871362186 0.450409193235486 0.46846898290558275 0.4738163656301165 0.5139862900516907 0.45312398176148333
0.4241017515521588 0.450135657863838 0.4682572198382574 0.4735940171507817 0.5137800891252501 0.45291387276348644
0.4241165369931033 0.450054070120009 0.46829227309595395 0.4734742396277495 0.5137958843238295 0.45275175509470283
0.42724140056926235 0.4523450205869178 0.4713527195649255 0.4758862936294455 0.5168940448391544 0.4552468243468576
0.42790699884236666 0.4500331054650445 0.4720027061099263 0.4736036082295952 0.5175207154406695 0.4529127690352469
0.4279237240317324 0.4500112517505384 0.47201862486236945 0.4735832631355748 0.5175371983541003 0.45289366509023077
0.42803359726272167 0.44999269980148604 0.4721405486648586 0.4735421549546213 0.5176543659036029 0.4528420960088555
0.4286670510332258 0.4500121155375801 0.47270436705296914 0.4736915327132045 0.5182110765928981 0.45297585297903853
0.42867725147083624 0.4499992726748959 0.47271372164866976 0.4736802628205123 0.5182198449821442 0.4529632953986474
0.42868618466585157 0.44999430858307754 0.4727232508049346 0.47367419046331555 0.5182296394545899 0.45295780583504297
0.4286949443521112 0.44999094002986684 0.47273045244045303 0.4736737191615816 0.5182383871797699 0.452960731068067
0.4288968722029221 0.4501105972357249 0.47292365732964964 0.4738095885941132 0.5183372302186128 0.4528905207979892
0.43014481552850503 0.45042668441455164 0.4742682605373651 0.4739452217957346 0.5196474220838083 0.45295161092619135
0.4299892019263224 0.4501190935004668 0.4741736066237931 0.47352290476124503 0.5194966239087946 0.45240835754413766
0.42994648296003324 0.4500001773802408 0.4741230616258649 0.4734187575545721 0.5194526987662547 0.4523184258813352
0.8613204304893024 0.5812266340620809 0.8864944283611893 0.6244269793285974 0.9337306791911786 0.6408201671676462
0.85 0.225 0.85 0.275 0.9 0.275
